  0.0
  0.0
  0.0
  0.0
  0.0
  0.0
  0.0
  0.0
  0.0
  0.0
  0.0
  0.0
  0.0
  0.0
  0.0
  0.0
  0.0
  0.0
  0.0
  0.0
  0.0
  0.0
  0.0
  0.0
  0.0
  0.0
  0.0
  0.0
  0.0
  0.0
  0.0
  0.0
  0.0
  0.0
  0.0
  0.0
  0.0
  0.0
  0.0
  0.0
  0.0
  0.0
  0.0
  0.0
  0.0
  0.0
  0.0
  0.0
  0.0
  0.0
  0.0
  0.0
  0.0
  0.0
  0.0
  0.0
  0.0
  0.0
  2.3
  1.4
  0.8
  0.4
  0.2
  0.2
  0.0
  0.0
  0.0
  0.0
  0.0
  0.0
  0.0
  0.0
  0.0
  0.0
  0.0
  0.0
  0.0
  0.0
  0.0
  0.0
  0.0
  0.0
  0.0
  0.0
  0.0
  0.0
  0.0
  0.0
  0.0
  0.0
  0.0
  0.0
  0.0
  0.0
